mean_epi_len: 12.686666666666667
mean_epi_reward: 9.79523333333334
mean_epi_col: 0.9766666666666667