mean_epi_len: 21.086666666666666
mean_epi_reward: 9.70403333333333
mean_epi_col: 1.0566666666666666