mean_epi_len: 8.853333333333333
mean_epi_reward: 9.910966666666669
mean_epi_col: 0.11666666666666667